          55
Energy of minimum      1=      -52.6568945749 first found at generation      445
X        -0.1534032766        1.0629148056        1.4513672642
X        -0.5537546077        0.4628700465        2.0111552708
X         0.2813242428        0.2201269761        1.7100643067
X        -0.4966074557       -0.2515639076        1.4300143409
X         1.1557386081       -0.0828567420        1.3992024534
X         0.7816470093        0.8217866044        1.2082276933
X         0.4294375037       -1.4338133651        0.8465314546
X        -0.9713976721        0.5299990367        1.1938972355
X         0.3663231918       -0.4952151571        1.0609986429
X         1.2032475089       -0.9877137105        1.0686059152
X        -0.4111901223       -0.9803877674        0.8320411545
X         1.6601316043        0.5352286164        0.9238996022
X        -0.0737358408        0.3987427018        0.8061315180
X         0.2628000994        1.3882709605        0.6474884825
X        -0.6756337720        1.2023749133        0.6319580109
X         1.6851068029       -0.3564353244        0.5999526212
X         0.8642288436        0.1558903760        0.5214199973
X        -0.9132446198       -0.1958470235        0.5534619522
X         1.1660875747        1.1049313737        0.3704103683
X         0.8333618483       -1.7390397336        0.0547435488
X        -1.4441300056        0.5587958558        0.3471967938
X        -0.0243971330       -1.3205115963        0.0301132689
X        -0.0480101866       -0.3144898007        0.1519298360
X         1.6052721003       -1.2504399868        0.2413613724
X         0.8036952152       -0.7783035477        0.2044538517
X        -0.9429181107       -1.0236579962        0.0600787801
X        -0.5899169315        0.5224806817       -0.0496953378
X         0.3608032004        0.7497053062       -0.0506925458
X         1.6646453564        0.3788892725       -0.0264600806
X        -1.1759898023        1.2904610051       -0.1702760782
X         0.6694803813        1.6561103425       -0.1909393187
X        -1.5731028079       -0.3063137384       -0.1464208691
X        -0.2549412513        1.4898355751       -0.1782200960
X         1.6907573607       -0.5125101747       -0.3386132075
X         0.8507423236       -0.0246100028       -0.4437946923
X        -0.7408072806       -0.3426169228       -0.5775136664
X         0.3510751263       -1.6874853949       -0.7702299184
X         1.1494790798        0.9232940617       -0.6011886209
X         0.1977662951       -0.7085534702       -0.6996174034
X        -1.3681452334        0.4837990734       -0.6203514438
X        -0.5295397776       -1.3560598326       -0.7843810813
X         1.0966059131       -1.1564050011       -0.6377357403
X        -1.4095075972       -1.0584095751       -0.7410686839
X        -0.0214586677        0.2749351888       -0.8029240318
X        -0.6400797386        1.0307166017       -0.9248359534
X         0.3012447231        1.2042753723       -0.9349550028
X         1.5882435321        0.1582675233       -0.9850766257
X        -1.5649656549       -0.2662053442       -1.1327411414
X         0.9219307230       -0.4943739855       -1.2882371221
X         0.0993723946       -1.1578589811       -1.4995171781
X         0.7625376843        0.4346375686       -1.3434158542
X        -0.7645307923       -0.7372204062       -1.4440812591
X        -0.8088850249        0.2122891030       -1.3982192529
X         0.0517828472       -0.2303941503       -1.5995059117
X        -0.0760987179        0.7269810885       -1.6552822946
          55
Energy of minimum      2=      -52.6568534887 first found at generation     1508
X        -0.1535524683        1.0521295338        1.4533341508
X        -0.5567344890        0.4535000435        2.0124149356
X         0.2778216293        0.2079281751        1.7118256796
X        -0.5013037758       -0.2603758013        1.4303669215
X         1.1516146256       -0.0968922897        1.3992908883
X         0.7799522432        0.8079562814        1.2097632121
X         0.4212435389       -1.4442088638        0.8439104593
X        -0.9743612280        0.5225487002        1.1956099831
X         0.3608814476       -0.5061518761        1.0610534392
X         1.1965929796       -1.0004190555        1.0660550157
X        -0.4180756484       -0.9887159107        0.8310655845
X         1.6579639113        0.5203373594        0.9248264044
X        -0.0760970881        0.3887878346        0.8072018746
X         0.2631555449        1.3769150115        0.6495964967
X        -0.6760090582        1.1938542724        0.6341911811
X         1.6814732718       -0.3704026971        0.5989596097
X         0.8614005046        0.1432433979        0.5214530638
X        -0.9183310154       -0.2021667338        0.5543358166
X         1.1655653452        1.0921361487        0.3724078690
X         0.8247677949       -1.7489266337        0.0513589202
X        -1.4456379750        0.5549943459        0.3482230461
X        -0.0324608209       -1.3287658325        0.0278214823
X        -0.0537462478       -0.3243816181        0.1525155801
X         1.5982845804       -1.2629798779        0.2381555777
X         0.7974116715       -0.7890704741        0.2028057249
X        -0.9499126193       -1.0292082218        0.0593595790
X        -0.5912757601        0.5148240180       -0.0485810746
X         0.3602812202        0.7392440298       -0.0498503720
X         1.6621552120        0.3659233116       -0.0261326751
X        -1.1743915563        1.2857997438       -0.1685073680
X         0.6717179931        1.6451441357       -0.1888153692
X        -1.5771042736       -0.3093528199       -0.1464776982
X        -0.2530175834        1.4814113074       -0.1753068619
X         1.6868318521       -0.5247038429       -0.3399726206
X         0.8476154373       -0.0350211513       -0.4446701368
X        -0.7450857156       -0.3484873332       -0.5781563434
X         0.3428965781       -1.6949436585       -0.7732089480
X         1.1492494436        0.9121189581       -0.6004680803
X         0.1918767329       -0.7155610598       -0.7007658156
X        -1.3690824647        0.4802828813       -0.6194204003
X        -0.5370081546       -1.3611393156       -0.7867336691
X         1.0896296982       -1.1653879910       -0.6404312095
X        -1.4161152953       -1.0610097265       -0.7420996773
X        -0.0239767514        0.2681488228       -0.8032314695
X        -0.6396838508        1.0260376801       -0.9234426260
X         0.3018839609        1.1961539706       -0.9336396559
X         1.5851310322        0.1461950032       -0.9863159206
X        -1.5688887425       -0.2680093416       -1.1330450867
X         0.9161162128       -0.5033651605       -1.2907061151
X         0.0931161365       -1.1632694329       -1.5014414766
X         0.7602858217        0.4264598215       -1.3438558034
X        -0.7702287718       -0.7407801628       -1.4455826091
X        -0.8116154073        0.2088216914       -1.3977532444
X         0.0472002377       -0.2356787647       -1.6011417059
X        -0.0774759846        0.7218142902       -1.6551413107
          55
Energy of minimum      3=      -52.6568451114 first found at generation      850
X        -0.1136697141        1.0452436579        1.4882637326
X        -0.5224999246        0.4452992479        2.0417792836
X         0.3067734282        0.1911790592        1.7340247252
X        -0.4812616920       -0.2632706065        1.4524059311
X         1.1742370171       -0.1238467842        1.4146745889
X         0.8156606067        0.7897009910        1.2369396670
X         0.4203000278       -1.4552550012        0.8523515213
X        -0.9431038057        0.5293426176        1.2276428616
X         0.3756786782       -0.5186515492        1.0775553938
X         1.2037561153       -1.0261446796        1.0741723325
X        -0.4123341675       -0.9874009324        0.8476237693
X         1.6864945660        0.4907612952        0.9427157482
X        -0.0499223484        0.3873796541        0.8352082131
X         0.3031180043        1.3712889893        0.6853435645
X        -0.6389102146        1.2047372008        0.6743524837
X         1.6927234867       -0.3975520620        0.6092689984
X         0.8808477392        0.1306622561        0.5419021652
X        -0.9023542983       -0.1913531257        0.5789806999
X         1.1989452750        1.0755524323        0.3990938188
X         0.8139210392       -1.7587618386        0.0550113010
X        -1.4219264977        0.5745944526        0.3862608941
X        -0.0361401379       -1.3246890482        0.0399341446
X        -0.0401076627       -0.3192595975        0.1741153278
X         1.5958208223       -1.2864163254        0.2413833968
X         0.8029520679       -0.7990220271        0.2151371685
X        -0.9499600705       -1.0142014496        0.0790339386
X        -0.5693257207        0.5297588474       -0.0144233255
X         0.3851728944        0.7395924524       -0.0213222195
X         1.6816858270        0.3452120674       -0.0091595342
X        -1.1431341812        1.3076635799       -0.1235464561
X         0.7087459713        1.6419019053       -0.1529894806
X        -1.5700549809       -0.2839756085       -0.1159843343
X        -0.2184938457        1.4918705770       -0.1357059265
X         1.6900067354       -0.5433166366       -0.3308200802
X         0.8582215312       -0.0390667934       -0.4251789453
X        -0.7396480982       -0.3273855071       -0.5491862356
X         0.3280325247       -1.6902692470       -0.7666080507
X         1.1732735965        0.9052619817       -0.5746009185
X         0.1909741469       -0.7083159402       -0.6836632895
X        -1.3517091826        0.5085628213       -0.5806771415
X        -0.5459569250       -1.3441757836       -0.7717432784
X         1.0826710016       -1.1733319524       -0.6331087220
X        -1.4200312212       -1.0311294566       -0.7200472383
X        -0.0108910059        0.2793273171       -0.7752816864
X        -0.6163839877        1.0469454317       -0.8839825304
X         0.3278910860        1.2049889085       -0.8994552433
X         1.5952096656        0.1361112289       -0.9694607776
X        -1.5641750271       -0.2317502927       -1.1010660182
X         0.9151912538       -0.5015485473       -1.2752161996
X         0.0863069964       -1.1457687964       -1.4880951180
X         0.7724548621        0.4315838866       -1.3190704225
X        -0.7711292064       -0.7119588617       -1.4204503726
X        -0.8019720636        0.2370599112       -1.3654152905
X         0.0501691379       -0.2165382964       -1.5794996431
X        -0.0628463581        0.7430406648       -1.6221519726
          55
Energy of minimum      4=      -52.6568368446 first found at generation     2220
X        -0.1125390029        1.0235273071        1.4635625910
X        -0.5163947078        0.4156265537        2.0127390469
X         0.3140812048        0.1708925581        1.7014502234
X        -0.4705183794       -0.2852397976        1.4145355518
X         1.1834749663       -0.1345948639        1.3803123651
X         0.8187903822        0.7785395472        1.2113060486
X         0.4395746311       -1.4640703336        0.7995120123
X        -0.9367450344        0.5073117247        1.1989773116
X         0.3880524361       -0.5297476276        1.0353581376
X         1.2192857646       -1.0321110858        1.0288181591
X        -0.3957193992       -1.0008431029        0.7994343037
X         1.6929279249        0.4890652076        0.9179728738
X        -0.0429084427        0.3737366153        0.8027050715
X         0.3044243832        1.3632311178        0.6653542989
X        -0.6359029042        1.1877801543        0.6493716327
X         1.7068798529       -0.3951864009        0.5735939602
X         0.8915717534        0.1279753592        0.5092217206
X        -0.8897012897       -0.2036807790        0.5415784242
X         1.2032668676        1.0764296586        0.3786346348
X         0.8375292527       -1.7541871258       -0.0009769014
X        -1.4127355850        0.5617799964        0.3543650580
X        -0.0159253022       -1.3252731944       -0.0121974382
X        -0.0280921305       -0.3240963197        0.1315037814
X         1.6160752146       -1.2792842538        0.1942535758
X         0.8193570035       -0.7977319264        0.1716043910
X        -0.9317763905       -1.0190222842        0.0296891746
X        -0.5617010410        0.5230991502       -0.0481741454
X         0.3919813344        0.7395647458       -0.0473483232
X         1.6923415396        0.3544248541       -0.0358218501
X        -1.1385552278        1.3012754198       -0.1485135429
X         0.7105836676        1.6455593112       -0.1684498029
X        -1.5540629984       -0.2892834536       -0.1576323104
X        -0.2153744480        1.4889313979       -0.1562296986
X         1.7074604260       -0.5293622680       -0.3686700150
X         0.8718340448       -0.0308930971       -0.4599123318
X        -0.7247893074       -0.3273437370       -0.5949351249
X         0.3512973190       -1.6777085189       -0.8221503288
X         1.1808625941        0.9173232827       -0.5961408037
X         0.2098865834       -0.7007705501       -0.7308063980
X        -1.3426092632        0.5081241752       -0.6160695563
X        -0.5271742035       -1.3370164680       -0.8234887602
X         1.1043662737       -1.1587397222       -0.6806510675
X        -1.4037429140       -1.0300002348       -0.7690921676
X         0.0009882826        0.2870255089       -0.8085332193
X        -0.6090283109        1.0523732865       -0.9117145781
X         0.3345772996        1.2149447176       -0.9213189778
X         1.6100105360        0.1570797711       -0.9989333389
X        -1.5511504735       -0.2276936511       -1.1434818904
X         0.9356875605       -0.4804113755       -1.3151975209
X         0.0957399009       -1.1332713874       -1.5389215774
X         0.7855200686        0.4499522450       -1.3474530069
X        -0.7599414008       -0.7020445706       -1.4697066799
X        -0.7897445557        0.2468070648       -1.4022425220
X         0.0647036887       -0.2028783498       -1.6152092515
X        -0.0509303310        0.7572915263       -1.6505266080
          55
Energy of minimum      5=      -52.6568336800 first found at generation     2329
X        -0.1183024603        1.0753597657        1.4793432534
X        -0.5182435498        0.4759759384        2.0404261482
X         0.3057606212        0.2215733558        1.7192602897
X        -0.4861253977       -0.2315574843        1.4486731197
X         1.1686223685       -0.0941899654        1.3869590863
X         0.8078142303        0.8191708522        1.2145723440
X         0.4064258612       -1.4225177004        0.8332021767
X        -0.9496194377        0.5620647184        1.2319495557
X         0.3651357274       -0.4860057287        1.0591510076
X         1.1933885939       -0.9950463428        1.0444245527
X        -0.4258930453       -0.9539984982        0.8402904192
X         1.6763341612        0.5197129416        0.9102433784
X        -0.0622737744        0.4187072026        0.8242743040
X         0.2895714159        1.4026190652        0.6715047338
X        -0.6525159309        1.2349982133        0.6708755824
X         1.6785726321       -0.3679922208        0.5742296232
X         0.8662548549        0.1611584323        0.5177096414
X        -0.9155726391       -0.1553462433        0.5799564954
X         1.1832036707        1.1063339282        0.3742019963
X         0.7890696570       -1.7260845293        0.0300762765
X        -1.4353872710        0.6123392048        0.3929939354
X        -0.0609981798       -1.2908583720        0.0270197349
X        -0.0609944072       -0.2855301348        0.1605360854
X         1.5737460887       -1.2547345825        0.2059331401
X         0.7810655847       -0.7671859277        0.1908955204
X        -0.9724999668       -0.9767958304        0.0781009762
X        -0.5903582564        0.5639930040       -0.0214405647
X         0.3641492099        0.7719080355       -0.0367424696
X         1.6601422427        0.3756820142       -0.0420240241
X        -1.1637556470        1.3449379575       -0.1220628986
X         0.6873561766        1.6740098764       -0.1706214220
X        -1.5913090726       -0.2433754641       -0.1078152480
X        -0.2395846196        1.5251990455       -0.1435019843
X         1.6622656414       -0.5116629626       -0.3667678963
X         0.8310191407       -0.0062421695       -0.4495741329
X        -0.7683163095       -0.2911937466       -0.5544347977
X         0.2917066626       -1.6560248529       -0.7842939369
X         1.1456894387        0.9376596018       -0.5995616376
X         0.1589258379       -0.6742510950       -0.7000746887
X        -1.3799467220        0.5479613005       -0.5773869166
X        -0.5815911220       -1.3078152819       -0.7779683564
X         1.0494523044       -1.1402696441       -0.6613105272
X        -1.4537743505       -0.9917648256       -0.7149337311
X        -0.0415508633        0.3146710614       -0.7881225541
X        -0.6473064863        1.0841717792       -0.8897419030
X         0.2968925480        1.2390932242       -0.9138273336
X         1.5620508104        0.1694959412       -1.0019273709
X        -1.6010962573       -0.1918608616       -1.0938854472
X         0.8768101291       -0.4665846854       -1.2999449740
X         0.0390707250       -1.1118401329       -1.5028141547
X         0.7356268807        0.4663455103       -1.3405289300
X        -0.8146555359       -0.6749056054       -1.4248385220
X        -0.8407087785        0.2744354823       -1.3684313187
X         0.0072995671       -0.1819431479       -1.5920442172
X        -0.1029259422        0.7784151926       -1.6333709281
          55
Energy of minimum      6=      -52.6568313688 first found at generation     1773
X        -0.1113360946        1.0538335792        1.4898666289
X        -0.5024299798        0.4511806924        2.0535321491
X         0.3249783401        0.2077102232        1.7325515196
X        -0.4605568466       -0.2576015231        1.4641701531
X         1.1912968614       -0.0957499984        1.4027760482
X         0.8179944467        0.8125890193        1.2272474019
X         0.4483831219       -1.4391261360        0.8518869367
X        -0.9363700274        0.5285865802        1.2457849597
X         0.3940444246       -0.5023607443        1.0757501320
X         1.2282317798       -0.9981640670        1.0625929718
X        -0.3900487688       -0.9816163312        0.8576600111
X         1.6894998954        0.5244799672        0.9240628463
X        -0.0474115208        0.3953251119        0.8370020040
X         0.2908331475        1.3860802358        0.6817376755
X        -0.6482746304        1.2016512581        0.6806372441
X         1.7039090951       -0.3641485340        0.5912924876
X         0.8840072933        0.1525593900        0.5331094145
X        -0.8944336648       -0.1911861351        0.5976947786
X         1.1878048406        1.1015563950        0.3852656689
X         0.8374227872       -1.7383300379        0.0503502261
X        -1.4231594738        0.5677411015        0.4055010808
X        -0.0189016346       -1.3170942141        0.0448081771
X        -0.0389613726       -0.3136392715        0.1776110824
X         1.6143540827       -1.2541166905        0.2254889123
X         0.8135843207       -0.7786981623        0.2083871329
X        -0.9329368781       -1.0123140933        0.0929767656
X        -0.5779650146        0.5283734937       -0.0092369549
X         0.3731778722        0.7542756185       -0.0242511443
X         1.6762141360        0.3775062857       -0.0272035540
X        -1.1626108598        1.3012993187       -0.1120189962
X         0.6832463658        1.6608962964       -0.1609082115
X        -1.5629376324       -0.2918700833       -0.0956631180
X        -0.2414803910        1.4971861642       -0.1337488472
X         1.6926864370       -0.5110972303       -0.3487326618
X         0.8536271565       -0.0176867402       -0.4329178094
X        -0.7400038187       -0.3286795319       -0.5448210020
X         0.3409905134       -1.6774005245       -0.7653329085
X         1.1531164916        0.9303858397       -0.5871829222
X         0.1943192814       -0.6971458902       -0.6820122960
X        -1.3655024432        0.5006983524       -0.5667224436
X        -0.5370759822       -1.3400237885       -0.7626089295
X         1.0903727531       -1.1501812731       -0.6421962224
X        -1.4146758146       -1.0393646800       -0.6999676130
X        -0.0224998924        0.2890488927       -0.7747920976
X        -0.6406412536        1.0473713296       -0.8784034124
X         0.3008491228        1.2185395703       -0.9032621624
X         1.5825531755        0.1673795390       -0.9857050102
X        -1.5727782559       -0.2437071173       -1.0831384712
X         0.9086175869       -0.4794040510       -1.2823906242
X         0.0828783609       -1.1372360011       -1.4848467282
X         0.7523333768        0.4511302204       -1.3274687523
X        -0.7801433668       -0.7152854369       -1.4136398491
X        -0.8201555181        0.2344611380       -1.3577165142
X         0.0349013036       -0.2090971461       -1.5767399679
X        -0.0902625067        0.7497490804       -1.6216201913
          55
Energy of minimum      7=      -52.6568313574 first found at generation     1653
X        -0.1302044631        1.0560118417        1.4652927855
X        -0.5171484564        0.4533427005        2.0322842661
X         0.3127132656        0.2143187120        1.7151205976
X        -0.4681615297       -0.2613601480        1.4504167314
X         1.1819403636       -0.0841707519        1.3883901340
X         0.7997173318        0.8193673053        1.2039535618
X         0.4526842287       -1.4393389564        0.8483530272
X        -0.9502960069        0.5186150707        1.2233000971
X         0.3884712640       -0.5008341947        1.0649450517
X         1.2275975700       -0.9891708046        1.0578042095
X        -0.3909380991       -0.9896723827        0.8511017631
X         1.6740497001        0.5368014203        0.9037422312
X        -0.0602137743        0.3921192476        0.8185803244
X         0.2691037488        1.3840443313        0.6529587353
X        -0.6682103125        1.1938118401        0.6572322877
X         1.6973142451       -0.3548320264        0.5805843469
X         0.8727075936        0.1535431509        0.5160948757
X        -0.9025081543       -0.2070317746        0.5823623800
X         1.1676859579        1.1041706356        0.3589500281
X         0.8429288185       -1.7413637009        0.0482671661
X        -1.4402188035        0.5461543455        0.3874437812
X        -0.0178127859       -1.3277237909        0.0417977566
X        -0.0448852326       -0.3221137574        0.1649472309
X         1.6149657129       -1.2490123632        0.2234024233
X         0.8105455922       -0.7810870171        0.2009954714
X        -0.9374063246       -1.0349876515        0.0898774345
X        -0.5935748127        0.5139861151       -0.0260472534
X         0.3560199236        0.7448890531       -0.0463747222
X         1.6607964594        0.3802941998       -0.0468824737
X        -1.1850818448        1.2798289333       -0.1341636642
X         0.6583130277        1.6523224384       -0.1939898401
X        -1.5760107011       -0.3203587248       -0.1034214804
X        -0.2651559692        1.4827442176       -0.1618110996
X         1.6873368439       -0.5105063343       -0.3574402661
X         0.8407374462       -0.0285238764       -0.4486645371
X        -0.7518128383       -0.3519804310       -0.5501271691
X         0.3449239210       -1.6903038138       -0.7670170185
X         1.1325162287        0.9208780265       -0.6126206925
X         0.1850195717       -0.7140541498       -0.6918268464
X        -1.3838260533        0.4722159243       -0.5800944941
X        -0.5387620513       -1.3661331345       -0.7623237617
X         1.0896699435       -1.1549933674       -0.6470656343
X        -1.4189699831       -1.0717956009       -0.7026306484
X        -0.0396963625        0.2680638635       -0.7903917751
X        -0.6641721611        1.0214520647       -0.8995776886
X         0.2763552879        1.1986325051       -0.9296304733
X         1.5651091183        0.1560672167       -1.0048040830
X        -1.5891887609       -0.2788433029       -1.0873269533
X         0.8938001409       -0.4979449582       -1.2963863781
X         0.0725110328       -1.1627888400       -1.4907050242
X         0.7317627878        0.4306997280       -1.3465283766
X        -0.7930201310       -0.7477814542       -1.4158103788
X        -0.8399019832        0.2017175902       -1.3686086869
X         0.0169928309       -0.2361215568       -1.5894826936
X        -0.1149778378        0.7200488985       -1.6413761641
          55
Energy of minimum      8=      -52.6568300326 first found at generation     2978
X        -0.1188506091        1.0364173057        1.4597990597
X        -0.5165225181        0.4254334642        2.0095181429
X         0.3131492201        0.1838212342        1.6939370039
X        -0.4715242941       -0.2767293836        1.4124259455
X         1.1816441532       -0.1170899866        1.3655925199
X         0.8106598716        0.7939971526        1.1992035976
X         0.4404035936       -1.4516364829        0.7920781446
X        -0.9431328031        0.5129562785        1.1986917540
X         0.3853290893       -0.5172445007        1.0283427495
X         1.2189539058       -1.0147465161        1.0157364995
X        -0.3976653180       -0.9926427251        0.7978593509
X         1.6838798358        0.5081455150        0.8973277981
X        -0.0511079426        0.3857941046        0.7996067105
X         0.2894329593        1.3775681142        0.6582203073
X        -0.6502848947        1.1991385223        0.6523274687
X         1.6991695449       -0.3765979797        0.5545137017
X         0.8808122513        0.1428626292        0.4970389035
X        -0.8988661456       -0.2004169228        0.5422478428
X         1.1865885848        1.0934756079        0.3631302175
X         0.8306371920       -1.7416491923       -0.0117456751
X        -1.4293209805        0.5612591164        0.3623890579
X        -0.0240360341       -1.3160875718       -0.0155139101
X        -0.0383519038       -0.3118179610        0.1281672504
X         1.6076299143       -1.2622280389        0.1780585031
X         0.8096509160       -0.7838202390        0.1607979558
X        -0.9424310911       -1.0180515175        0.0336636697
X        -0.5789242877        0.5321030234       -0.0439813074
X         0.3733550406        0.7529914140       -0.0545018694
X         1.6745993564        0.3726289842       -0.0560272750
X        -1.1619650134        1.3038347303       -0.1401970954
X         0.6862367931        1.6602210830       -0.1793521316
X        -1.5711033679       -0.2922542333       -0.1484807774
X        -0.2393683642        1.4994365070       -0.1575989015
X         1.6887856378       -0.5121812405       -0.3871009808
X         0.8516252243       -0.0164266446       -0.4714503608
X        -0.7436918751       -0.3224261997       -0.5891251264
X         0.3366066215       -1.6691350764       -0.8285166829
X         1.1556679634        0.9333285145       -0.6115326005
X         0.1907119360       -0.6908955601       -0.7353081894
X        -1.3641978759        0.5076976954       -0.6056904655
X        -0.5422505601       -1.3325947995       -0.8222628656
X         1.0869373696       -1.1453208796       -0.6939467507
X        -1.4196151172       -1.0302889212       -0.7619557552
X        -0.0232918145        0.2960418931       -0.8107000160
X        -0.6375171230        1.0582589538       -0.9078888992
X         0.3046993261        1.2264753507       -0.9274098738
X         1.5837426857        0.1738849891       -1.0175463798
X        -1.5743208167       -0.2280785333       -1.1332887737
X         0.9097722210       -0.4676965151       -1.3268366544
X         0.0753620500       -1.1234494777       -1.5424933069
X         0.7549011949        0.4628147808       -1.3583955508
X        -0.7821808304       -0.6969117260       -1.4646667748
X        -0.8180280866        0.2515388845       -1.3969462587
X         0.0365058883       -0.1926561061       -1.6191344954
X        -0.0853794012        0.7669635180       -1.6524826182
          55
Energy of minimum      9=      -52.6568290336 first found at generation     1151
X        -0.1374319907        1.0147655432        1.4525824527
X        -0.5367874364        0.4055961959        2.0035997667
X         0.2953034306        0.1656513287        1.6927164784
X        -0.4861099604       -0.2970083552        1.4078216666
X         1.1670589686       -0.1353157768        1.3745786615
X         0.7964074815        0.7759326105        1.2025715842
X         0.4328819586       -1.4723554912        0.7999750513
X        -0.9578138506        0.4919747512        1.1899288821
X         0.3749059604       -0.5378133497        1.0311941786
X         1.2098672171       -1.0348688020        1.0273424580
X        -0.4056628657       -1.0153997659        0.7968460264
X         1.6720223517        0.4910739463        0.9103626881
X        -0.0630408805        0.3635484818        0.7938443498
X         0.2771943219        1.3536355888        0.6535068413
X        -0.6623188557        1.1722581495        0.6370072378
X         1.6913861562       -0.3944926643        0.5699462654
X         0.8728891138        0.1230626277        0.5031630402
X        -0.9043468744       -0.2215285835        0.5348365759
X         1.1788326531        1.0730431859        0.3686236961
X         0.8356989267       -1.7619362395        0.0011047431
X        -1.4318117640        0.5397135624        0.3442849534
X        -0.0210130240       -1.3410070797       -0.0133576916
X        -0.0419153728       -0.3387016903        0.1278271941
X         1.6102455564       -1.2804318574        0.1940366789
X         0.8094025484       -0.8052211967        0.1694913405
X        -0.9378517146       -1.0403362423        0.0255963476
X        -0.5802282185        0.5056881976       -0.0582344396
X         0.3711959897        0.7292184225       -0.0574218216
X         1.6737340198        0.3534128569       -0.0428569602
X        -1.1634706456        1.2789366610       -0.1624315583
X         0.6832197427        1.6365593013       -0.1810795838
X        -1.5652459988       -0.3166031290       -0.1651286130
X        -0.2416357234        1.4745631722       -0.1685004880
X         1.6986835142       -0.5313481350       -0.3713982123
X         0.8582412740       -0.0402348989       -0.4652303812
X        -0.7351078728       -0.3488621536       -0.6006721265
X         0.3527871568       -1.6928658169       -0.8218455588
X         1.1587331875        0.9098677087       -0.6065100078
X         0.2014085494       -0.7158023929       -0.7319748728
X        -1.3607007004        0.4811135602       -0.6257399743
X        -0.5277169252       -1.3596529952       -0.8268692252
X         1.0995795941       -1.1656408826       -0.6806840257
X        -1.4064655711       -1.0590725005       -0.7742279555
X        -0.0141702021        0.2702098305       -0.8171075341
X        -0.6308019176        1.0306653222       -0.9225625013
X         0.3107754606        1.2009488882       -0.9327403013
X         1.5933902475        0.1509906270       -1.0055222206
X        -1.5611266658       -0.2592436825       -1.1507016533
X         0.9228579809       -0.4927227612       -1.3199099970
X         0.0987566584       -1.1492774064       -1.5400676736
X         0.7678098312        0.4374850090       -1.3569040185
X        -0.7635906656       -0.7274494194       -1.4736994162
X        -0.8045432780        0.2218146849       -1.4100293648
X         0.0531626282       -0.2199174606       -1.6234597468
X        -0.0709205311        0.7385903770       -1.6606859792
          55
Energy of minimum     10=      -52.6568289852 first found at generation     1371
X        -0.1098373321        1.0690217462        1.4883954602
X        -0.5186445706        0.4744778949        2.0482184177
X         0.3045212551        0.2123088479        1.7309298725
X        -0.4905216075       -0.2350890525        1.4590334126
X         1.1645194259       -0.1107645647        1.4031006467
X         0.8142177986        0.8057821318        1.2280641979
X         0.3935706274       -1.4347364599        0.8463153759
X        -0.9466261356        0.5624980135        1.2384666416
X         0.3588837527       -0.4976782407        1.0722819836
X         1.1822720017       -1.0122433213        1.0622540255
X        -0.4349739615       -0.9589537009        0.8508987895
X         1.6788569509        0.4980453275        0.9264866436
X        -0.0597216937        0.4099625987        0.8345544919
X         0.3032430942        1.3928936870        0.6819653295
X        -0.6394695800        1.2319980213        0.6787133114
X         1.6736959853       -0.3900739036        0.5917817597
X         0.8661294891        0.1458996312        0.5326234243
X        -0.9186084219       -0.1569546613        0.5900870500
X         1.1929816296        1.0880499697        0.3869446742
X         0.7754628477       -1.7435487261        0.0453970147
X        -1.4314212284        0.6146394964        0.3992597771
X        -0.0701110161       -1.3003326879        0.0387436648
X        -0.0642604343       -0.2963357731        0.1718225016
X         1.5631998727       -1.2782041345        0.2265802840
X         0.7755920265       -0.7831082448        0.2054454649
X        -0.9785479052       -0.9766681330        0.0861908901
X        -0.5853943640        0.5578089248       -0.0119542780
X         0.3707790242        0.7608033508       -0.0249495673
X         1.6642319585        0.3522886666       -0.0252081924
X        -1.1498745187        1.3445511802       -0.1136630065
X         0.7032660342        1.6597168385       -0.1602065547
X        -1.5905001274       -0.2387553771       -0.1023731343
X        -0.2246558215        1.5191933765       -0.1349335845
X         1.6573266396       -0.5367288058       -0.3483858585
X         0.8326445303       -0.0220310907       -0.4338019883
X        -0.7670723770       -0.2958252533       -0.5483846983
X         0.2805841827       -1.6704706918       -0.7711600373
X         1.1561737825        0.9189186568       -0.5852951798
X         0.1587738707       -0.6871202051       -0.6880848742
X        -1.3725491489        0.5504828817       -0.5713504807
X        -0.5894333196       -1.3122490660       -0.7678259035
X         1.0430364485       -1.1624166457       -0.6453672907
X        -1.4592768163       -0.9887406404       -0.7078398865
X        -0.0350519281        0.3043111858       -0.7766527085
X        -0.6335392824        1.0777923386       -0.8803733239
X         0.3111839156        1.2261041235       -0.9034604980
X         1.5681852267        0.1469502222       -0.9837065646
X        -1.5983625738       -0.1878600608       -1.0881385079
X         0.8811692112       -0.4842565204       -1.2827113892
X         0.0317849365       -1.1253798945       -1.4902855700
X         0.7450452389        0.4488406877       -1.3268988540
X        -0.8176550102       -0.6803542805       -1.4180157616
X        -0.8323307796        0.2695870820       -1.3612287423
X         0.0123515749       -0.1956204830       -1.5782715148
X        -0.0895398323        0.7662784802       -1.6231766439
          55
Energy of minimum     11=      -52.6568268198 first found at generation     1129
X        -0.1103957084        1.0660697791        1.4816848475
X        -0.5163246283        0.4686192734        2.0398179346
X         0.3079870392        0.2096833860        1.7234869525
X        -0.4849070997       -0.2408649489        1.4508996017
X         1.1689687143       -0.1084656776        1.3942445102
X         0.8131711494        0.8068407118        1.2205301482
X         0.4027141980       -1.4375160336        0.8386091687
X        -0.9452400079        0.5541687286        1.2304047161
X         0.3650400970       -0.5000657112        1.0644490107
X         1.1895730554       -1.0110423605        1.0532144606
X        -0.4271052635       -0.9655984995        0.8438193148
X         1.6795564622        0.5040786865        0.9177146849
X        -0.0576398841        0.4073131227        0.8283261123
X         0.2990392528        1.3926233807        0.6747680717
X        -0.6425792226        1.2274828279        0.6734828039
X         1.6781482042       -0.3843273374        0.5845061945
X         0.8681265546        0.1473956472        0.5243904502
X        -0.9160439065       -0.1670660681        0.5830522030
X         1.1894334425        1.0913991092        0.3794752418
X         0.7879661393       -1.7405054839        0.0366015713
X        -1.4334091770        0.6013854683        0.3936068354
X        -0.0603595596       -1.3035090040        0.0305822998
X        -0.0603912392       -0.2996487121        0.1661476274
X         1.5734458506       -1.2715784269        0.2168558164
X         0.7820239714       -0.7815766433        0.1976728869
X        -0.9707168154       -0.9875901502        0.0792283853
X        -0.5854679556        0.5519188290       -0.0157042202
X         0.3693559295        0.7597527504       -0.0320522053
X         1.6637141512        0.3583775783       -0.0340700405
X        -1.1561350301        1.3339451505       -0.1177514008
X         0.6967306809        1.6605240642       -0.1673407631
X        -1.5884273482       -0.2547218259       -0.1079304712
X        -0.2309638581        1.5148525245       -0.1412946163
X         1.6661553029       -0.5292157432       -0.3562068526
X         0.8348483973       -0.0214069807       -0.4425679844
X        -0.7641174321       -0.3031270412       -0.5531663747
X         0.2944726826       -1.6682349541       -0.7804906519
X         1.1523628705        0.9214563764       -0.5938393172
X         0.1630396100       -0.6869472162       -0.6951299414
X        -1.3728021940        0.5365530542       -0.5751055332
X        -0.5781625523       -1.3183607351       -0.7769375596
X         1.0529691053       -1.1554642828       -0.6537069810
X        -1.4505536656       -1.0027899885       -0.7146538956
X        -0.0365821459        0.3028745360       -0.7826991446
X        -0.6395280690        1.0728456117       -0.8853079755
X         0.3053857626        1.2260944832       -0.9098708961
X         1.5668471076        0.1503951413       -0.9941417284
X        -1.5947119375       -0.2023547929       -1.0937748503
X         0.8817033242       -0.4829466687       -1.2941487426
X         0.0444006752       -1.1232434799       -1.4990981297
X         0.7418173507        0.4504938138       -1.3344216566
X        -0.8101672997       -0.6857622204       -1.4243818192
X        -0.8336644954        0.2642118308       -1.3661550185
X         0.0132135961       -0.1937817194       -1.5868903550
X        -0.0946007530        0.7666664636       -1.6289847992
          55
Energy of minimum     12=      -52.6568257766 first found at generation     1313
X        -0.1224403989        1.0498478529        1.4877653097
X        -0.5229557468        0.4450459203        2.0428619844
X         0.3041949151        0.1965250094        1.7262688775
X        -0.4840753538       -0.2596240525        1.4480027826
X         1.1698786581       -0.1126859131        1.4017668997
X         0.8058327293        0.8013928422        1.2291710710
X         0.4194894498       -1.4460026366        0.8342835475
X        -0.9498354878        0.5333324834        1.2324118968
X         0.3715337281       -0.5101164416        1.0664121312
X         1.2011260824       -1.0138884165        1.0566002592
X        -0.4146331476       -0.9798317148        0.8375897924
X         1.6764907234        0.5069505202        0.9307396409
X        -0.0599994665        0.3958438053        0.8306157157
X         0.2876952133        1.3839395826        0.6841457218
X        -0.6533449106        1.2114505809        0.6773305842
X         1.6850292399       -0.3800840948        0.5934874482
X         0.8702436053        0.1448122276        0.5317909296
X        -0.9098434141       -0.1824798187        0.5782140366
X         1.1843421136        1.0924658823        0.3917495243
X         0.8100847761       -1.7416854679        0.0319857684
X        -1.4318895625        0.5839139625        0.3925871873
X        -0.0415166042       -1.3109938596        0.0252067844
X        -0.0508051845       -0.3067771558        0.1653372826
X         1.5899229993       -1.2671686826        0.2202804072
X         0.7948363327       -0.7832693240        0.2010035976
X        -0.9552750594       -1.0019105235        0.0719511503
X        -0.5838155888        0.5420118300       -0.0164272873
X         0.3697627461        0.7555103645       -0.0249716047
X         1.6669241895        0.3654500286       -0.0216982146
X        -1.1612793870        1.3196472841       -0.1174365488
X         0.6891979834        1.6595937432       -0.1544221928
X        -1.5795156859       -0.2729840637       -0.1143538871
X        -0.2374801972        1.5061715593       -0.1331699374
X         1.6800177586       -0.5203222507       -0.3472686167
X         0.8437156522       -0.0204633912       -0.4365963606
X        -0.7528851924       -0.3117011342       -0.5554015465
X         0.3196786494       -1.6684913813       -0.7864634577
X         1.1530665434        0.9255360707       -0.5826283854
X         0.1770258929       -0.6887482962       -0.6964982533
X        -1.3697483742        0.5221905781       -0.5771755081
X        -0.5568403131       -1.3275573694       -0.7833028293
X         1.0718880055       -1.1478947963       -0.6517969936
X        -1.4318043650       -1.0178978668       -0.7231314393
X        -0.0276696176        0.2993964125       -0.7806592434
X        -0.6384767110        1.0648922901       -0.8822001880
X         0.3054079800        1.2261141812       -0.9009351057
X         1.5762402022        0.1601517005       -0.9837096019
X        -1.5819133611       -0.2172612622       -1.0995015413
X         0.8961042587       -0.4759832795       -1.2916212546
X         0.0669777040       -1.1225171096       -1.5030444863
X         0.7511349140        0.4562836025       -1.3284734561
X        -0.7909996091       -0.6929361454       -1.4275171786
X        -0.8235071646        0.2566073915       -1.3664666748
X         0.0278140295       -0.1926101183       -1.5875488380
X        -0.0874761329        0.7669289565       -1.6242697119
          55
Energy of minimum     13=      -52.6568248603 first found at generation     2169
X        -0.1387529386        1.0379833501        1.4562475311
X        -0.5356955964        0.4299165139        2.0098534647
X         0.2977184114        0.1928932582        1.6985313498
X        -0.4822507093       -0.2744736184        1.4168346648
X         1.1712088997       -0.1057504152        1.3764830990
X         0.7959534923        0.8010714689        1.2024271147
X         0.4397871381       -1.4474008330        0.8124021355
X        -0.9581947724        0.5099530217        1.1957803629
X         0.3787170843       -0.5122434983        1.0383788155
X         1.2165671130       -1.0053717334        1.0323916812
X        -0.4011027959       -0.9945017262        0.8089336568
X         1.6726878825        0.5195818009        0.9069396525
X        -0.0628665297        0.3848500957        0.7996063532
X         0.2729897294        1.3750636506        0.6539050350
X        -0.6656431023        1.1905295526        0.6420816543
X         1.6949887136       -0.3670993428        0.5690143779
X         0.8738734286        0.1465189186        0.5048424462
X        -0.9031512286       -0.2062640540        0.5426464729
X         1.1747905131        1.0979059376        0.3662075641
X         0.8390373475       -1.7418505648        0.0143713875
X        -1.4358303484        0.5507849713        0.3523605410
X        -0.0187098195       -1.3219612215        0.0004339082
X        -0.0398288276       -0.3181174601        0.1346141267
X         1.6132667154       -1.2556500679        0.1982620639
X         0.8110202227       -0.7832776413        0.1756751829
X        -0.9388912050       -1.0285978665        0.0407668179
X        -0.5834484224        0.5211684405       -0.0505105340
X         0.3673322331        0.7481679269       -0.0552730583
X         1.6710427113        0.3780452015       -0.0454696872
X        -1.1705039495        1.2901471605       -0.1557247697
X         0.6744346364        1.6567708031       -0.1837540133
X        -1.5697214891       -0.3079595541       -0.1524801609
X        -0.2495579836        1.4899718665       -0.1666993249
X         1.6954548137       -0.5089945189       -0.3718444628
X         0.8551035725       -0.0207702164       -0.4623209654
X        -0.7390058893       -0.3378435471       -0.5873913507
X         0.3517634914       -1.6795777353       -0.8066129716
X         1.1517981719        0.9304714595       -0.6084137741
X         0.1994430428       -0.7018623080       -0.7238615615
X        -1.3658773496        0.4891467238       -0.6154155694
X        -0.5293808430       -1.3490293674       -0.8099951656
X         1.0986439975       -1.1503020957       -0.6726882692
X        -1.4089230134       -1.0510192320       -0.7585550474
X        -0.0199219541        0.2824036969       -0.8104278131
X        -0.6392362443        1.0402999100       -0.9170164357
X         0.3012038684        1.2149708085       -0.9318934569
X         1.5888040134        0.1720024316       -1.0066030944
X        -1.5662334220       -0.2529918660       -1.1376960360
X         0.9217106596       -0.4784865041       -1.3122373837
X         0.0927886174       -1.1424514565       -1.5275983308
X         0.7600519027        0.4508733602       -1.3543627711
X        -0.7677962520       -0.7204027803       -1.4594182555
X        -0.8111489084        0.2283349370       -1.4002545266
X         0.0483880693       -0.2128414026       -1.6137868640
X        -0.0803904741        0.7459917462       -1.6558714399
          55
Energy of minimum     14=      -52.6568244727 first found at generation     2559
X        -0.0982395370        1.0718394496        1.4887287582
X        -0.5063688717        0.4752712259        2.0465215620
X         0.3135844427        0.2105379242        1.7237003073
X        -0.4849411910       -0.2306917760        1.4525256719
X         1.1712366242       -0.1143429716        1.3887560250
X         0.8229361939        0.8051492576        1.2222979835
X         0.3883627646       -1.4305014161        0.8327606442
X        -0.9377471423        0.5694289773        1.2389459676
X         0.3612782543       -0.4947619716        1.0604991652
X         1.1824664012       -1.0136812287        1.0404856420
X        -0.4374052067       -0.9511053334        0.8410439356
X         1.6857573324        0.4966844793        0.9145035421
X        -0.0532717723        0.4174059775        0.8305190160
X         0.3108620602        1.3979480061        0.6818953767
X        -0.6333879134        1.2423957572        0.6824144483
X         1.6760875239       -0.3888765906        0.5744071514
X         0.8703141279        0.1496442739        0.5222363329
X        -0.9190537913       -0.1466925133        0.5857304487
X         1.1988013668        1.0913996893        0.3814845374
X         0.7694374384       -1.7336252391        0.0290387355
X        -1.4277603214        0.6285907850        0.4031393216
X        -0.0758533699       -1.2893279555        0.0268074754
X        -0.0659363744       -0.2857483493        0.1655287090
X         1.5613992511       -1.2725869898        0.2012289475
X         0.7724505283       -0.7761591600        0.1906059970
X        -0.9843584233       -0.9643172903        0.0785616929
X        -0.5830486953        0.5715913275       -0.0111973075
X         0.3748283326        0.7693200300       -0.0289242108
X         1.6665529919        0.3578311393       -0.0384870990
X        -1.1469548607        1.3594128497       -0.1081229750
X         0.7085091276        1.6680396181       -0.1596653976
X        -1.5946907071       -0.2247187032       -0.1035298344
X        -0.2203560816        1.5297984846       -0.1313639483
X         1.6581287145       -0.5280529852       -0.3672254902
X         0.8328087674       -0.0124111567       -0.4452575092
X        -0.7719030986       -0.2788155412       -0.5510118392
X         0.2734403753       -1.6541701797       -0.7859299938
X         1.1575546348        0.9280979377       -0.5929670817
X         0.1532586710       -0.6714919022       -0.6963893512
X        -1.3728912153        0.5666306300       -0.5669286671
X        -0.5956353863       -1.2936478600       -0.7788192519
X         1.0384444627       -1.1502577306       -0.6620128172
X        -1.4653488838       -0.9703093992       -0.7150902446
X        -0.0376702843        0.3197763632       -0.7799673504
X        -0.6344159802        1.0960763996       -0.8773943062
X         0.3119600006        1.2406507666       -0.9034077975
X         1.5640830763        0.1565742822       -0.9996582502
X        -1.6040036318       -0.1665618260       -1.0889501380
X         0.8711212146       -0.4717252006       -1.2975353151
X         0.0271486350       -1.1034336543       -1.5016446737
X         0.7401222086        0.4634139249       -1.3345597639
X        -0.8240528189       -0.6570901018       -1.4235818227
X        -0.8380033685        0.2920022399       -1.3609808035
X         0.0042631203       -0.1735434341       -1.5861465981
X        -0.0943802748        0.7883400910       -1.6236585840
          55
Energy of minimum     15=      -52.6568242752 first found at generation     1454
X        -0.1445649194        1.0497624861        1.4591381689
X        -0.5258234615        0.4443912303        2.0264076246
X         0.3053411878        0.2109894305        1.7087422645
X        -0.4733732379       -0.2695575786        1.4443121553
X         1.1749043496       -0.0825908344        1.3794070577
X         0.7874704520        0.8186440618        1.1961942432
X         0.4523057664       -1.4429757926        0.8425466373
X        -0.9621791629        0.5061594092        1.2185602465
X         0.3838281191       -0.5046411088        1.0582333430
X         1.2252886928       -0.9886267272        1.0493045055
X        -0.3928765840       -0.9980191943        0.8454781060
X         1.6618791655        0.5406037981        0.8922704609
X        -0.0708962369        0.3860116784        0.8131818598
X         0.2512462284        1.3792340646        0.6458411618
X        -0.6846728406        1.1826915364        0.6516253537
X         1.6886508393       -0.3516314507        0.5697910005
X         0.8615444909        0.1529750679        0.5081782586
X        -0.9079563978       -0.2190179904        0.5758493867
X         1.1502113856        1.1051906596        0.3492629382
X         0.8418115771       -1.7432096853        0.0417739778
X        -1.4528196184        0.5302665416        0.3838819552
X        -0.0199342368       -1.3326062428        0.0359642761
X        -0.0493330606       -0.3255132994        0.1570317170
X         1.6125033369       -1.2471397006        0.2136933632
X         0.8061652929       -0.7828983729        0.1932252760
X        -0.9428656326       -1.0493699527        0.0872106265
X        -0.6072335514        0.5041313478       -0.0319238405
X         0.3402665227        0.7412483766       -0.0540120299
X         1.6468961820        0.3835111342       -0.0573824052
X        -1.2041504018        1.2654961884       -0.1385472374
X         0.6359385017        1.6507231239       -0.2019710368
X        -1.5849542384       -0.3368371115       -0.1060782279
X        -0.2861239683        1.4751565706       -0.1684592150
X         1.6764155030       -0.5081086756       -0.3684441021
X         0.8289696102       -0.0291215755       -0.4565167250
X        -0.7614272575       -0.3650056802       -0.5530502825
X         0.3406083017       -1.6973159549       -0.7724672766
X         1.1144889302        0.9228849528       -0.6216562520
X         0.1780103256       -0.7203074800       -0.6994266874
X        -1.3983989305        0.4561031238       -0.5838651858
X        -0.5440793320       -1.3763151964       -0.7656493397
X         1.0827636370       -1.1576938749       -0.6558274973
X        -1.4263459840       -1.0876809855       -0.7032601168
X        -0.0536876330        0.2599246148       -0.7969105512
X        -0.6834076317        1.0098977728       -0.9053157725
X         0.2552431115        1.1933481413       -0.9364884955
X         1.5527708029        0.1619558618       -1.0131351032
X        -1.5992946464       -0.2967633196       -1.0904991616
X         0.8871836970       -0.4968752626       -1.3023086248
X         0.0650608949       -1.1717427304       -1.4960345795
X         0.7165057139        0.4298102912       -1.3543948104
X        -0.8010278351       -0.7598474595       -1.4192223866
X        -0.8538357059        0.1885834528       -1.3729016937
X         0.0070143636       -0.2446651281       -1.5950126281
X        -0.1325522271        0.7105888445       -1.6478917293
          55
Energy of minimum     16=      -52.6568239286 first found at generation     1956
X        -0.1231117770        1.0545712286        1.4650981499
X        -0.5173286406        0.4569894946        2.0315365442
X         0.3075118073        0.2054814704        1.7096282436
X        -0.4825288689       -0.2564358697        1.4478142084
X         1.1705971378       -0.1060897233        1.3766587606
X         0.8028727965        0.8039837527        1.1988991377
X         0.4165408917       -1.4467997064        0.8395238147
X        -0.9548126313        0.5313545952        1.2254681760
X         0.3687305861       -0.5087586962        1.0569658069
X         1.2009884976       -1.0099513315        1.0416935816
X        -0.4200980232       -0.9850718793        0.8469685237
X         1.6699590122        0.5091833556        0.8915576004
X        -0.0684319770        0.3913763587        0.8161631500
X         0.2766454880        1.3793228084        0.6537459553
X        -0.6641798313        1.2030370902        0.6602415684
X         1.6770518357       -0.3809422161        0.5637095464
X         0.8599225747        0.1404431471        0.5078329973
X        -0.9215254470       -0.1938419493        0.5833757679
X         1.1687148977        1.0865679774        0.3523514391
X         0.7994763301       -1.7520858635        0.0369840974
X        -1.4489627042        0.5670186481        0.3916539740
X        -0.0553675609       -1.3273311472        0.0347782537
X        -0.0675561921       -0.3217528680        0.1614689036
X         1.5807879826       -1.2715427710        0.2033804549
X         0.7820294151       -0.7924202086        0.1896237764
X        -0.9683804741       -1.0182373405        0.0859891254
X        -0.6046590097        0.5231741444       -0.0249418238
X         0.3482266246        0.7421506047       -0.0483746667
X         1.6504500322        0.3575056924       -0.0590613946
X        -1.1845791119        1.2981522612       -0.1278901028
X         0.6634290503        1.6452655556       -0.1941675062
X        -1.5969917395       -0.2950983914       -0.1025653116
X        -0.2619879515        1.4894523252       -0.1583887318
X         1.6608253582       -0.5321914567       -0.3757280809
X         0.8226829243       -0.0361433815       -0.4567484195
X        -0.7755295280       -0.3370122043       -0.5539637752
X         0.2985920521       -1.6925921685       -0.7759553603
X         1.1253543479        0.9084108737       -0.6182941113
X         0.1566553926       -0.7129286500       -0.6965419558
X        -1.3967727682        0.4957401340       -0.5772151304
X        -0.5787632748       -1.3517080076       -0.7688151996
X         1.0528127004       -1.1698852774       -0.6602787744
X        -1.4546670839       -1.0462707766       -0.7038626054
X        -0.0554035465        0.2737325530       -0.7925535626
X        -0.6696041453        1.0357699099       -0.8959098919
X         0.2726606942        1.1996354330       -0.9301163744
X         1.5468497721        0.1413281671       -1.0170137887
X        -1.6126728263       -0.2506995356       -1.0876527436
X         0.8663331308       -0.5046999681       -1.3043001892
X         0.0365025248       -1.1565600994       -1.4967649195
X         0.7154960509        0.4264646731       -1.3531310333
X        -0.8243149971       -0.7284368356       -1.4203510911
X        -0.8591381369        0.2219936449       -1.3692081520
X        -0.0083122669       -0.2289409886       -1.5923985231
X        -0.1275087825        0.7294088803       -1.6424697748
          55
Energy of minimum     17=      -52.6568235762 first found at generation      543
X        -0.1169887172        1.0658879998        1.4551897118
X        -0.5108512243        0.4634496954        2.0167209465
X         0.3227612334        0.2238985330        1.7084109623
X        -0.4561550823       -0.2519655480        1.4362864762
X         1.1952517815       -0.0741653214        1.3880142724
X         0.8154011128        0.8286644195        1.2019385131
X         0.4698864453       -1.4288106615        0.8451344743
X        -0.9372680165        0.5266916341        1.2038717337
X         0.4037401864       -0.4912254870        1.0586594692
X         1.2440424758       -0.9779979764        1.0564748259
X        -0.3743759517       -0.9818902023        0.8394874737
X         1.6919016400        0.5464934939        0.9072524490
X        -0.0424872692        0.4012034624        0.8097374373
X         0.2883844517        1.3940792676        0.6473558035
X        -0.6492291583        1.2033991961        0.6436299600
X         1.7180351783       -0.3446956368        0.5822730258
X         0.8933229402        0.1629394559        0.5141696718
X        -0.8839826472       -0.2014681104        0.5646540657
X         1.1888062090        1.1140703088        0.3598139929
X         0.8679695354       -1.7318935479        0.0493001138
X        -1.4210130845        0.5504757157        0.3653767083
X         0.0068164668       -1.3194057314        0.0339437229
X        -0.0213342878       -0.3132909599        0.1563845384
X         1.6393849188       -1.2385941130        0.2250043760
X         0.8340857569       -0.7716333286        0.1971738369
X        -0.9137234759       -1.0299951483        0.0726466233
X        -0.5692187512        0.5215017596       -0.0377371649
X         0.3803656814        0.7546738861       -0.0512906971
X         1.6869877028        0.3905441871       -0.0429290691
X        -1.1604958619        1.2851915114       -0.1517909523
X         0.6828150440        1.6628899502       -0.1959499202
X        -1.5509495856       -0.3158748109       -0.1276492100
X        -0.2406544940        1.4913252793       -0.1715871314
X         1.7134386846       -0.5008539013       -0.3565366892
X         0.8702782001       -0.0170061179       -0.4504310397
X        -0.7216017976       -0.3459562420       -0.5646634851
X         0.3761023833       -1.6851401082       -0.7699368396
X         1.1622844265        0.9328296452       -0.6108446364
X         0.2187075317       -0.7062183043       -0.6975293952
X        -1.3527744722        0.4769998900       -0.6009642091
X        -0.5059084458       -1.3584626698       -0.7754604463
X         1.1201807262       -1.1496126220       -0.6476680858
X        -1.3871744342       -1.0658866986       -0.7247953225
X        -0.0085806705        0.2761215841       -0.7977936099
X        -0.6320020990        1.0287057932       -0.9127660833
X         0.3079650787        1.2076543823       -0.9344678371
X         1.6007771891        0.1706132382       -1.0003011637
X        -1.5529018679       -0.2733354836       -1.1118557523
X         0.9353670850       -0.4873378001       -1.2945224994
X         0.1140320691       -1.1561788334       -1.4961457713
X         0.7686438237        0.4407958604       -1.3476785612
X        -0.7520057208       -0.7399587989       -1.4315136950
X        -0.8016506167        0.2088285011       -1.3845048909
X         0.0600414781       -0.2289775932       -1.5950458957
X        -0.0751917964        0.7277113802       -1.6497749200
          55
Energy of minimum     18=      -52.6568226147 first found at generation      822
X        -0.1367142614        1.0479695471        1.4642259607
X        -0.5241997727        0.4483180897        2.0337925725
X         0.3038619344        0.2060513699        1.7132423320
X        -0.4794936312       -0.2651707170        1.4503733442
X         1.1716624917       -0.0979726761        1.3834453281
X         0.7937775606        0.8068478884        1.2006278431
X         0.4337222232       -1.4477571266        0.8461582991
X        -0.9589124462        0.5172844991        1.2258686689
X         0.3752878008       -0.5095509187        1.0626630214
X         1.2125916196       -1.0025748043        1.0521621653
X        -0.4069445151       -0.9934208542        0.8497508986
X         1.6657215825        0.5203770572        0.8977278070
X        -0.0701131974        0.3847933895        0.8164322493
X         0.2623581209        1.3722845402        0.6512394149
X        -0.6765752788        1.1884608151        0.6555121420
X         1.6843010856       -0.3710613367        0.5733383511
X         0.8614717516        0.1412146233        0.5119118333
X        -0.9143192833       -0.2070099799        0.5835566909
X         1.1605266562        1.0902233366        0.3547872165
X         0.8200466140       -1.7528469046        0.0453412785
X        -1.4481356116        0.5486631586        0.3877465992
X        -0.0374770800       -1.3342660880        0.0394228707
X        -0.0589349381       -0.3284632349        0.1620595202
X         1.5960200747       -1.2649285232        0.2165687126
X         0.7939789645       -0.7923188531        0.1970607216
X        -0.9531974004       -1.0326519295        0.0879853062
X        -0.6036831697        0.5097440384       -0.0288552591
X         0.3468116335        0.7350458392       -0.0499313057
X         1.6497672956        0.3641610461       -0.0528543464
X        -1.1923022660        1.2793547261       -0.1369540406
X         0.6517489885        1.6421288898       -0.1944811721
X        -1.5877963263       -0.3147093499       -0.1036835863
X        -0.2719833892        1.4759629014       -0.1634365811
X         1.6700539954       -0.5270154569       -0.3649983621
X         0.8273932852       -0.0391643157       -0.4532177349
X        -0.7661943805       -0.3523364266       -0.5546535930
X         0.3199415700       -1.6994585694       -0.7696948610
X         1.1236439266        0.9095326372       -0.6163609647
X         0.1682800414       -0.7209283125       -0.6947436374
X        -1.3934914352        0.4738406155       -0.5832359132
X        -0.5599926012       -1.3665261849       -0.7653395136
X         1.0682464540       -1.1691914351       -0.6517405824
X        -1.4381487839       -1.0668175666       -0.7023204786
X        -0.0514347433        0.2632947867       -0.7952802424
X        -0.6720731430        1.0198445937       -0.9034180653
X         0.2691049556        1.1918245369       -0.9319227781
X         1.5533959167        0.1435114441       -1.0092858445
X        -1.6006039558       -0.2754167391       -1.0921728640
X         0.8791148857       -0.5085052844       -1.2997642328
X         0.0562255437       -1.1679864959       -1.4937374328
X         0.7216863838        0.4217419409       -1.3507369727
X        -0.8062700181       -0.7468536953       -1.4201788928
X        -0.8506176908        0.2027971157       -1.3742553234
X         0.0053505862       -0.2405642554       -1.5942051277
X        -0.1223618553        0.7167328902       -1.6456826253
          55
Energy of minimum     19=      -52.6568214239 first found at generation      791
X        -0.1228641124        1.0557185064        1.4876305589
X        -0.5190461989        0.4449448866        2.0384657366
X         0.3158230042        0.2102453990        1.7303627879
X        -0.4613073955       -0.2591998436        1.4450248367
X         1.1902018736       -0.0854461445        1.4132879225
X         0.8129810528        0.8219115737        1.2378053559
X         0.4657344756       -1.4283341934        0.8379300121
X        -0.9395601876        0.5241735348        1.2239397903
X         0.4013055878       -0.4937817080        1.0691184903
X         1.2385423383       -0.9848783960        1.0679971823
X        -0.3755689398       -0.9770461109        0.8337012688
X         1.6917442048        0.5414945105        0.9475419090
X        -0.0424438950        0.4029478318        0.8308567622
X         0.2903800072        1.3953972841        0.6884527694
X        -0.6480815884        1.2072937307        0.6723260365
X         1.7176975786       -0.3449452333        0.6087794778
X         0.8961587250        0.1674790590        0.5400388264
X        -0.8782046660       -0.1892766271        0.5688546237
X         1.1955334447        1.1194080078        0.4045304187
X         0.8681738607       -1.7187823226        0.0391021034
X        -1.4124073497        0.5671006283        0.3783755842
X         0.0102873144       -1.3015652907        0.0243013002
X        -0.0134900704       -0.2978948319        0.1636068499
X         1.6394579150       -1.2330341841        0.2354102618
X         0.8382422900       -0.7614999116        0.2069005194
X        -0.9093862550       -1.0103086115        0.0630041651
X        -0.5593311489        0.5414935692       -0.0221110288
X         0.3904129376        0.7696233928       -0.0209026239
X         1.6942181512        0.4008925573       -0.0055423605
X        -1.1490512561        1.3089147124       -0.1279462089
X         0.6954461764        1.6789379399       -0.1454371932
X        -1.5412028299       -0.2900039901       -0.1292757953
X        -0.2287195127        1.5102122120       -0.1339024966
X         1.7210140882       -0.4850420004       -0.3324535947
X         0.8801439013        0.0029834023       -0.4288720628
X        -0.7096885775       -0.3164254411       -0.5616076881
X         0.3842882691       -1.6545013701       -0.7843408851
X         1.1770560357        0.9544095110       -0.5699048050
X         0.2280551532       -0.6771584495       -0.6959630905
X        -1.3387189373        0.5090394637       -0.5902044782
X        -0.4965176327       -1.3266548508       -0.7890080632
X         1.1279568460       -1.1236489920       -0.6438832554
X        -1.3766629235       -1.0313267830       -0.7374493480
X         0.0070572959        0.3079371648       -0.7809263633
X        -0.6139530500        1.0649362126       -0.8886077600
X         0.3273466285        1.2397791348       -0.8968165973
X         1.6163494754        0.1969726809       -0.9676276601
X        -1.5342514175       -0.2326544179       -1.1145955783
X         0.9505032196       -0.4506240272       -1.2824600675
X         0.1318130674       -1.1111235677       -1.5034808141
X         0.7896846610        0.4790206559       -1.3201414132
X        -0.7328443877       -0.6952568163       -1.4353237018
X        -0.7807279144        0.2532722827       -1.3737303630
X         0.0799266541       -0.1819283770       -1.5873523277
X        -0.0505349584        0.7755724734       -1.6249704056
          55
Energy of minimum     20=      -52.6568211830 first found at generation      729
X        -0.1702418807        1.0707662513        1.4555340579
X        -0.5699662349        0.4687935213        2.0132270183
X         0.2667067187        0.2280629256        1.7143904583
X        -0.5093701994       -0.2453202237        1.4324598807
X         1.1425196286       -0.0714036239        1.4034104129
X         0.7640198074        0.8328268254        1.2132371243
X         0.4217596049       -1.4249104313        0.8500325892
X        -0.9876537783        0.5341764343        1.1958575653
X         0.3555314608       -0.4866504710        1.0656945337
X         1.1945188581       -0.9768937739        1.0722653666
X        -0.4198661929       -0.9737161445        0.8354445817
X         1.6433483745        0.5501375651        0.9290524498
X        -0.0886842626        0.4075449385        0.8101755731
X         0.2435472877        1.3972734268        0.6509077064
X        -0.6940810620        1.2089550301        0.6360202637
X         1.6721693038       -0.3416344374        0.6043563899
X         0.8493048240        0.1678552708        0.5259566226
X        -0.9240536206       -0.1911268800        0.5548942349
X         1.1475044195        1.1179802384        0.3749326200
X         0.8276783534       -1.7265189729        0.0578601088
X        -1.4602194436        0.5610178771        0.3502533364
X        -0.0320869854       -1.3111511112        0.0336183424
X        -0.0567715493       -0.3039010457        0.1551955694
X         1.5983960771       -1.2356538158        0.2440578877
X         0.7944581858       -0.7669669030        0.2096957769
X        -0.9531802496       -1.0207222829        0.0651656484
X        -0.6049826810        0.5298764106       -0.0460998310
X         0.3446861757        0.7591569092       -0.0476189617
X         1.6487355011        0.3942209262       -0.0214806232
X        -1.1946047902        1.2945512958       -0.1664455615
X         0.6493878856        1.6670912605       -0.1871598553
X        -1.5869291135       -0.3048253872       -0.1413673727
X        -0.2743362320        1.4973876124       -0.1746274510
X         1.6822349066       -0.4964526759       -0.3341232928
X         0.8375501216       -0.0146764131       -0.4395179230
X        -0.7538056187       -0.3366011247       -0.5699415947
X         0.3459385792       -1.6764988974       -0.7668709498
X         1.1320268185        0.9357679926       -0.5973832455
X         0.1850261972       -0.6992527376       -0.6969101266
X        -1.3842125392        0.4865671704       -0.6156808309
X        -0.5374614362       -1.3523036954       -0.7794811960
X         1.0880686225       -1.1404278950       -0.6334851274
X        -1.4180521155       -1.0558230421       -0.7360650230
X        -0.0358612740        0.2823091197       -0.7995636087
X        -0.6578126087        1.0363878620       -0.9210759117
X         0.2827445209        1.2134138826       -0.9311536916
X         1.5735340811        0.1728568601       -0.9808387678
X        -1.5776969203       -0.2643545406       -1.1275382974
X         0.9083980384       -0.4820619621       -1.2856192982
X         0.0899419051       -1.1498763012       -1.4963215578
X         0.7470631151        0.4461924654       -1.3399547238
X        -0.7740312058       -0.7320464067       -1.4368117286
X        -0.8234321166        0.2169704320       -1.3926724060
X         0.0386582805       -0.2220413881       -1.5973718543
X        -0.0929389177        0.7344618391       -1.6516235574
